start=3315.520538
fullscreen=yes
panscan=0.100000
sub-delay=-89.199211
sub-pos=101
sub-ass-vsfilter-aspect-compat=no
